P[hPa] T[K] Qv[g/kg] U[m/s] V[m/s]
1005.6842 295.3544 15.1386 0 0
1005.0000 295.1538 15.1534 0 0
1004.0000 295.1993 15.1829 0 0
1003.0000 295.1519 15.2101 0 0
1002.0000 295.2201 15.2301 0 0
1001.0000 295.3172 15.2991 0 0
1000.0000 295.4916 15.4250 0 0
999.0000 295.5784 15.5727 0 0
998.0000 295.6616 15.7102 0 0
997.0000 295.7769 15.8195 0 0
996.0000 295.9022 15.9175 0 0
995.0000 295.9079 16.0003 0 0
994.0000 295.9872 16.0827 0 0
993.0000 296.0991 16.1520 0 0
992.0000 296.1604 16.2239 0 0
991.0000 296.2501 16.2699 0 0
990.0000 296.2528 16.3172 0 0
989.0000 296.2862 16.3783 0 0
988.0000 296.3026 16.4178 0 0
987.0000 296.3266 16.4427 0 0
986.0000 296.3297 16.4649 0 0
985.0000 296.3644 16.4602 0 0
984.0000 296.3115 16.5005 0 0
983.0000 296.2337 16.4913 0 0
982.0000 296.2886 16.4876 0 0
981.0000 296.2467 16.4704 0 0
980.0000 296.2249 16.4537 0 0
979.0000 296.1423 16.4439 0 0
978.0000 296.2023 16.4261 0 0
977.0000 296.1410 16.4124 0 0
976.0000 296.0121 16.3812 0 0
975.0000 296.0026 16.0689 0 0
974.0000 295.9954 15.6789 0 0
973.0000 295.9363 15.1997 0 0
972.0000 295.8669 14.7518 0 0
971.0000 295.8790 14.4857 0 0
970.0000 295.8023 14.3633 0 0
969.0000 295.8281 14.1774 0 0
968.0000 295.7886 14.0571 0 0
967.0000 295.8005 14.0671 0 0
966.0000 295.7799 14.1128 0 0
965.0000 295.7871 14.1580 0 0
964.0000 295.7780 14.1015 0 0
963.0000 295.7385 14.0610 0 0
962.0000 295.7025 13.8068 0 0
961.0000 295.7177 13.4052 0 0
960.0000 295.7618 13.1107 0 0
959.0000 295.6360 12.8787 0 0
958.0000 295.6803 12.7373 0 0
957.0000 295.7577 12.8740 0 0
956.0000 295.7827 13.0501 0 0
955.0000 295.7048 13.1148 0 0
954.0000 295.6246 12.9857 0 0
953.0000 295.7230 12.9798 0 0
952.0000 295.7979 13.0855 0 0
951.0000 295.6871 13.0883 0 0
950.0000 295.6077 13.4739 0 0
949.0000 295.6756 13.7224 0 0
948.0000 295.6041 13.4726 0 0
947.0000 295.5956 13.1118 0 0
946.0000 295.5474 12.9222 0 0
945.0000 295.4278 12.8587 0 0
944.0000 295.4325 12.8273 0 0
943.0000 295.4243 12.7586 0 0
942.0000 295.3711 12.7024 0 0
941.0000 295.2879 12.6620 0 0
940.0000 295.2666 12.5929 0 0
939.0000 295.2478 12.5741 0 0
938.0000 295.2228 12.4644 0 0
937.0000 295.1445 12.6738 0 0
936.0000 295.1484 12.6810 0 0
935.0000 295.0839 12.6625 0 0
934.0000 295.1318 12.7476 0 0
933.0000 295.0607 12.6007 0 0
932.0000 294.9882 12.5292 0 0
931.0000 294.9907 12.3346 0 0
930.0000 294.9300 11.9441 0 0
929.0000 294.8769 11.8526 0 0
928.0000 294.9051 11.7696 0 0
927.0000 294.7956 11.4765 0 0
926.0000 294.7725 11.1240 0 0
925.0000 294.7821 10.5648 0 0
924.0000 294.7569 9.9311 0 0
923.0000 294.7687 9.5033 0 0
922.0000 294.7655 9.3262 0 0
921.0000 294.8145 9.2240 0 0
920.0000 294.7691 9.2166 0 0
919.0000 294.8526 9.5007 0 0
918.0000 294.8378 10.2945 0 0
917.0000 294.9085 10.3252 0 0
916.0000 294.9364 10.4580 0 0
915.0000 294.9720 10.6107 0 0
914.0000 294.9312 10.6854 0 0
913.0000 294.8620 10.6948 0 0
912.0000 294.9195 10.6616 0 0
911.0000 294.8990 10.6084 0 0
910.0000 294.8935 10.6034 0 0
909.0000 294.8803 10.5436 0 0
908.0000 294.8206 10.5230 0 0
907.0000 294.7966 10.5160 0 0
906.0000 294.7435 10.5152 0 0
905.0000 294.7289 10.5314 0 0
904.0000 294.6976 10.5531 0 0
903.0000 294.6464 10.5557 0 0
902.0000 294.5804 10.6108 0 0
901.0000 294.5557 10.6772 0 0
900.0000 294.4451 10.7066 0 0
899.0000 294.4490 10.8371 0 0
898.0000 294.3692 11.0799 0 0
897.0000 294.3568 11.1618 0 0
896.0000 294.2622 11.1116 0 0
895.0000 294.2299 11.0008 0 0
894.0000 294.1645 10.9315 0 0
893.0000 294.1118 10.8585 0 0
892.0000 294.0302 10.7134 0 0
891.0000 293.9173 10.5667 0 0
890.0000 293.9153 10.4867 0 0
889.0000 293.9311 10.4760 0 0
888.0000 293.7699 10.3792 0 0
887.0000 293.7281 10.2572 0 0
886.0000 293.6825 10.1364 0 0
885.0000 293.4676 10.0791 0 0
884.0000 293.5383 10.0186 0 0
883.0000 293.4223 9.9650 0 0
882.0000 293.3617 9.8875 0 0
881.0000 293.3289 9.8129 0 0
880.0000 293.1693 9.7205 0 0
879.0000 293.1613 9.6733 0 0
878.0000 293.1087 9.6496 0 0
877.0000 292.9503 9.5787 0 0
876.0000 292.8360 9.4223 0 0
875.0000 292.8375 9.1707 0 0
874.0000 292.7771 8.8197 0 0
873.0000 292.6605 8.4795 0 0
872.0000 292.5689 8.0600 0 0
871.0000 292.5840 7.7467 0 0
870.0000 292.4956 7.5397 0 0
869.0000 292.4898 7.5166 0 0
868.0000 292.4406 7.5394 0 0
867.0000 292.3914 7.4030 0 0
866.0000 292.4469 7.2907 0 0
865.0000 292.4201 7.3799 0 0
864.0000 292.4282 7.5039 0 0
863.0000 292.3890 7.6204 0 0
862.0000 292.5091 7.8711 0 0
861.0000 292.5191 8.2087 0 0
860.0000 292.4080 8.3983 0 0
859.0000 292.4053 8.4495 0 0
858.0000 292.3484 8.5074 0 0
857.0000 292.3578 8.5410 0 0
856.0000 292.2274 8.6223 0 0
855.0000 292.2446 8.6628 0 0
854.0000 292.2695 8.7127 0 0
853.0000 292.2114 8.6800 0 0
852.0000 292.1151 8.4887 0 0
851.0000 292.1715 8.2672 0 0
850.0000 292.1127 8.1603 0 0
849.0000 292.0878 8.1329 0 0
848.0000 292.0064 8.1186 0 0
847.0000 291.8543 8.2072 0 0
846.0000 291.8498 8.3443 0 0
845.0000 291.8138 8.4177 0 0
844.0000 291.8233 8.3310 0 0
843.0000 291.7644 8.2101 0 0
842.0000 291.7366 8.0553 0 0
841.0000 291.5483 7.9443 0 0
840.0000 291.5292 7.8291 0 0
839.0000 291.5743 7.7133 0 0
838.0000 291.3882 7.6694 0 0
837.0000 291.3283 7.7253 0 0
836.0000 291.2635 7.6019 0 0
835.0000 291.2272 7.4557 0 0
834.0000 291.2573 7.3831 0 0
833.0000 291.2169 7.2323 0 0
832.0000 291.0556 7.0465 0 0
831.0000 290.9687 6.8629 0 0
830.0000 290.9790 6.7696 0 0
829.0000 290.9327 6.7193 0 0
828.0000 290.8229 6.6790 0 0
827.0000 290.8309 6.6595 0 0
826.0000 290.8096 6.6394 0 0
825.0000 290.7441 6.8147 0 0
824.0000 290.9377 7.1623 0 0
823.0000 290.8300 7.4018 0 0
822.0000 290.7794 7.5300 0 0
821.0000 290.7460 7.6392 0 0
820.0000 290.6732 7.7606 0 0
819.0000 290.6571 7.9517 0 0
818.0000 290.5805 8.0298 0 0
817.0000 290.5197 8.0927 0 0
816.0000 290.4687 8.2109 0 0
815.0000 290.4573 8.2666 0 0
814.0000 290.4300 8.3064 0 0
813.0000 290.3593 8.3331 0 0
812.0000 290.3409 8.3194 0 0
811.0000 290.2411 8.2915 0 0
810.0000 290.1609 8.0960 0 0
809.0000 290.1427 7.8886 0 0
808.0000 289.9595 7.8135 0 0
807.0000 289.9404 7.7333 0 0
806.0000 289.9397 7.6862 0 0
805.0000 289.7921 7.6750 0 0
804.0000 289.8016 7.6467 0 0
803.0000 289.7175 7.6163 0 0
802.0000 289.5976 7.5680 0 0
801.0000 289.6182 7.5242 0 0
800.0000 289.3723 7.4803 0 0
799.0000 289.3888 7.4537 0 0
798.0000 289.2561 7.4294 0 0
797.0000 289.1947 7.3986 0 0
796.0000 289.1546 7.3782 0 0
795.0000 288.9921 7.3553 0 0
794.0000 288.9241 7.3277 0 0
793.0000 288.8068 7.3094 0 0
792.0000 288.8207 7.2764 0 0
791.0000 288.6795 7.2668 0 0
790.0000 288.5698 7.2455 0 0
789.0000 288.3374 7.2336 0 0
788.0000 288.2758 7.2120 0 0
787.0000 288.1705 7.1602 0 0
786.0000 288.2038 7.1175 0 0
785.0000 288.0494 7.1055 0 0
784.0000 288.0532 7.0635 0 0
783.0000 287.8896 7.0178 0 0
782.0000 287.7670 6.9682 0 0
781.0000 287.6838 6.9262 0 0
780.0000 287.6525 6.8868 0 0
779.0000 287.4676 6.8565 0 0
778.0000 287.5250 6.8095 0 0
777.0000 287.4399 6.7860 0 0
776.0000 287.4400 6.7527 0 0
775.0000 287.3574 6.6739 0 0
774.0000 287.2145 6.6443 0 0
773.0000 287.1610 6.6241 0 0
772.0000 287.1517 6.6161 0 0
771.0000 286.9891 6.5919 0 0
770.0000 287.0166 6.5874 0 0
769.0000 286.8987 6.5874 0 0
768.0000 286.8791 6.5834 0 0
767.0000 286.7764 6.5994 0 0
766.0000 286.7117 6.5938 0 0
765.0000 286.7675 6.6055 0 0
764.0000 286.6472 6.7321 0 0
763.0000 286.4554 6.4745 0 0
762.0000 286.4809 6.3415 0 0
761.0000 286.4174 6.2168 0 0
760.0000 286.2859 6.0118 0 0
759.0000 286.3140 5.8387 0 0
758.0000 286.1007 5.6040 0 0
757.0000 286.1393 5.4891 0 0
756.0000 285.9287 5.3694 0 0
755.0000 285.9817 5.2056 0 0
754.0000 285.8205 5.0712 0 0
753.0000 285.8700 4.8713 0 0
752.0000 285.7431 4.7203 0 0
751.0000 285.7384 4.6330 0 0
750.0000 285.6946 4.6159 0 0
749.0000 285.5200 4.5349 0 0
748.0000 285.4558 4.3422 0 0
747.0000 285.3367 4.2274 0 0
746.0000 285.2607 4.0929 0 0
745.0000 285.1165 4.0222 0 0
744.0000 285.1242 3.8187 0 0
743.0000 285.1062 3.6946 0 0
742.0000 285.0800 3.5927 0 0
741.0000 285.0238 3.5138 0 0
740.0000 284.9712 3.4254 0 0
739.0000 285.0345 3.3650 0 0
738.0000 284.9264 3.3236 0 0
737.0000 284.8900 3.3263 0 0
736.0000 284.8829 3.2430 0 0
735.0000 284.8803 3.2518 0 0
734.0000 284.7363 3.3305 0 0
733.0000 284.7529 3.2852 0 0
732.0000 284.6422 3.2729 0 0
731.0000 284.6041 3.3084 0 0
730.0000 284.5200 3.4039 0 0
729.0000 284.4070 3.5837 0 0
728.0000 284.3598 3.5904 0 0
727.0000 284.2244 3.7155 0 0
726.0000 284.1662 3.3575 0 0
725.0000 284.0734 2.6665 0 0
724.0000 284.0370 2.3983 0 0
723.0000 284.0174 2.2980 0 0
722.0000 284.0188 2.0866 0 0
721.0000 283.9848 1.9895 0 0
720.0000 283.8596 1.8550 0 0
719.0000 283.8680 1.6974 0 0
718.0000 283.7980 1.6080 0 0
717.0000 283.7727 1.5370 0 0
716.0000 283.6039 1.4834 0 0
715.0000 283.6695 1.3940 0 0
714.0000 283.6271 1.3299 0 0
713.0000 283.5873 1.2493 0 0
712.0000 283.5365 1.2058 0 0
711.0000 283.4070 1.1445 0 0
710.0000 283.4587 1.0933 0 0
709.0000 283.3860 1.0378 0 0
708.0000 283.4512 0.9964 0 0
707.0000 283.3545 0.9863 0 0
706.0000 283.2394 0.9616 0 0
705.0000 283.1760 0.9505 0 0
704.0000 283.2212 0.9301 0 0
703.0000 283.0442 0.9226 0 0
702.0000 283.0271 0.9185 0 0
701.0000 282.9084 0.9082 0 0
700.0000 282.7667 0.9027 0 0
699.0000 282.6455 0.8896 0 0
698.0000 282.6042 0.8670 0 0
697.0000 282.4519 0.8512 0 0
696.0000 282.3866 0.8362 0 0
695.0000 282.2578 0.8400 0 0
694.0000 282.2253 0.8149 0 0
693.0000 282.0538 0.8034 0 0
692.0000 282.0700 0.7928 0 0
691.0000 281.8973 0.7794 0 0
690.0000 281.7997 0.7688 0 0
689.0000 281.7762 0.7651 0 0
688.0000 281.6383 0.7493 0 0
687.0000 281.5235 0.7500 0 0
686.0000 281.4799 0.7527 0 0
685.0000 281.4299 0.7571 0 0
684.0000 281.2940 0.7468 0 0
683.0000 281.2255 0.7671 0 0
682.0000 281.1502 0.7827 0 0
681.0000 281.0730 0.7775 0 0
680.0000 281.0171 0.7955 0 0
679.0000 280.9979 0.8026 0 0
678.0000 280.9464 0.8180 0 0
677.0000 280.9206 0.8774 0 0
676.0000 280.9290 0.8450 0 0
675.0000 280.9933 0.8333 0 0
674.0000 280.8607 0.8457 0 0
673.0000 280.9153 0.8849 0 0
672.0000 280.8775 0.8787 0 0
671.0000 280.9585 0.8999 0 0
670.0000 280.8115 1.0155 0 0
669.0000 280.7914 0.9513 0 0
668.0000 280.6981 1.0095 0 0
667.0000 280.5545 1.0402 0 0
666.0000 280.5138 1.1310 0 0
665.0000 280.3654 1.2640 0 0
664.0000 280.4508 1.2233 0 0
663.0000 280.2490 1.2776 0 0
662.0000 280.1468 1.4899 0 0
661.0000 280.0573 1.4776 0 0
660.0000 279.9796 1.7621 0 0
659.0000 279.9193 1.5311 0 0
658.0000 279.8050 1.4359 0 0
657.0000 279.8039 1.4002 0 0
656.0000 279.7596 1.3552 0 0
655.0000 279.7206 1.3236 0 0
654.0000 279.5487 1.2929 0 0
653.0000 279.4623 1.2364 0 0
652.0000 279.3394 1.1079 0 0
651.0000 279.3673 0.9693 0 0
650.0000 279.3458 0.8622 0 0
649.0000 279.1657 0.7920 0 0
648.0000 279.0245 0.8211 0 0
647.0000 278.8627 0.7599 0 0
646.0000 278.6883 0.7707 0 0
645.0000 278.6106 0.8027 0 0
644.0000 278.5299 0.8261 0 0
643.0000 278.5219 0.8806 0 0
642.0000 278.5399 0.8477 0 0
641.0000 278.4201 0.8727 0 0
640.0000 278.4800 0.8666 0 0
639.0000 278.3027 0.9138 0 0
638.0000 278.2102 0.9264 0 0
637.0000 278.0714 0.9249 0 0
636.0000 278.0176 0.9329 0 0
635.0000 277.9010 1.0662 0 0
634.0000 278.0122 1.3007 0 0
633.0000 278.0909 1.6341 0 0
632.0000 277.9666 1.9308 0 0
631.0000 277.9751 2.2485 0 0
630.0000 277.9139 2.3796 0 0
629.0000 277.8326 2.7094 0 0
628.0000 277.7093 2.9311 0 0
627.0000 277.6654 3.0390 0 0
626.0000 277.5384 3.1135 0 0
625.0000 277.3939 3.2407 0 0
624.0000 277.3229 3.4017 0 0
623.0000 277.2624 3.7872 0 0
622.0000 277.2299 4.1247 0 0
621.0000 277.0795 4.3741 0 0
620.0000 277.1454 4.3498 0 0
619.0000 276.8852 4.3732 0 0
618.0000 276.6645 4.3888 0 0
617.0000 276.5360 4.4104 0 0
616.0000 276.4805 4.4104 0 0
615.0000 276.3843 4.4305 0 0
614.0000 276.2918 4.4263 0 0
613.0000 276.0174 4.3981 0 0
612.0000 275.7821 4.4206 0 0
611.0000 275.6740 4.3736 0 0
610.0000 275.5477 4.3631 0 0
609.0000 275.2643 4.3716 0 0
608.0000 275.2289 4.3700 0 0
607.0000 274.9694 4.3781 0 0
606.0000 274.9376 4.3661 0 0
605.0000 274.6938 4.3499 0 0
604.0000 274.6007 4.3536 0 0
603.0000 274.4676 4.3276 0 0
602.0000 274.2154 4.3199 0 0
601.0000 274.0836 4.3005 0 0
600.0000 273.9568 4.2661 0 0
599.0000 273.8332 4.2381 0 0
598.0000 273.6581 4.2464 0 0
597.0000 273.6713 4.2249 0 0
596.0000 273.5272 4.2198 0 0
595.0000 273.3840 4.2702 0 0
594.0000 273.4268 4.1888 0 0
593.0000 273.3092 4.1463 0 0
592.0000 273.1499 4.1285 0 0
591.0000 273.0331 4.1365 0 0
590.0000 273.1953 4.1330 0 0
589.0000 273.1207 4.1314 0 0
588.0000 273.0911 4.1631 0 0
587.0000 273.2068 4.1671 0 0
586.0000 273.2115 4.0979 0 0
585.0000 273.1455 4.0952 0 0
584.0000 273.0884 4.0553 0 0
583.0000 272.8919 3.9842 0 0
582.0000 272.7332 3.9124 0 0
581.0000 272.7079 3.8735 0 0
580.0000 272.4347 3.8825 0 0
579.0000 272.4427 3.8515 0 0
578.0000 272.3051 3.8330 0 0
577.0000 272.2187 3.8232 0 0
576.0000 272.0613 3.7937 0 0
575.0000 271.9442 3.7889 0 0
574.0000 271.8597 3.7967 0 0
573.0000 271.7213 3.7890 0 0
572.0000 271.5075 3.7017 0 0
571.0000 271.3099 3.6452 0 0
570.0000 271.1460 3.6127 0 0
569.0000 271.1166 3.5962 0 0
568.0000 270.8832 3.5418 0 0
567.0000 270.6651 3.4832 0 0
566.0000 270.5807 3.4617 0 0
565.0000 270.4150 3.3937 0 0
564.0000 270.2259 3.3511 0 0
563.0000 270.1459 3.2909 0 0
562.0000 270.1041 3.2669 0 0
561.0000 269.9402 3.2248 0 0
560.0000 269.9301 3.2207 0 0
559.0000 270.0706 3.2279 0 0
558.0000 270.1063 3.2289 0 0
557.0000 270.0525 3.2542 0 0
556.0000 270.0890 3.2375 0 0
555.0000 269.8716 3.2224 0 0
554.0000 269.7669 3.1979 0 0
553.0000 269.8155 3.2510 0 0
552.0000 269.9538 3.2294 0 0
551.0000 269.9631 3.2500 0 0
550.0000 269.9609 3.2681 0 0
549.0000 269.8016 3.2542 0 0
548.0000 269.5879 3.2290 0 0
547.0000 269.5088 3.2526 0 0
546.0000 269.3838 3.2640 0 0
545.0000 269.3043 3.3151 0 0
544.0000 269.2953 3.3459 0 0
543.0000 269.4775 3.3539 0 0
542.0000 269.4354 3.4307 0 0
541.0000 269.6335 3.4275 0 0
540.0000 269.5194 3.4119 0 0
539.0000 269.4925 3.2644 0 0
538.0000 269.3624 3.2200 0 0
537.0000 269.2506 3.1837 0 0
536.0000 269.0805 3.1459 0 0
535.0000 268.9939 3.1372 0 0
534.0000 268.8300 3.1156 0 0
533.0000 268.8050 3.1135 0 0
532.0000 268.6636 3.0761 0 0
531.0000 268.5746 3.0635 0 0
530.0000 268.3561 3.0257 0 0
529.0000 268.3072 2.9998 0 0
528.0000 268.0882 2.9518 0 0
527.0000 267.9305 2.9336 0 0
526.0000 267.7806 2.9241 0 0
525.0000 267.5794 2.8707 0 0
524.0000 267.4766 2.8450 0 0
523.0000 267.3849 2.8698 0 0
522.0000 267.2530 2.8233 0 0
521.0000 267.0526 2.7759 0 0
520.0000 266.9336 2.7516 0 0
519.0000 266.8424 2.7135 0 0
518.0000 266.7724 2.6874 0 0
517.0000 266.6630 2.7094 0 0
516.0000 266.6304 2.7289 0 0
515.0000 266.5014 2.7260 0 0
514.0000 266.3281 2.7128 0 0
513.0000 266.3175 2.6794 0 0
512.0000 266.1858 2.6398 0 0
511.0000 266.0882 2.6065 0 0
510.0000 265.9145 2.5753 0 0
509.0000 265.8688 2.5663 0 0
508.0000 265.7572 2.5625 0 0
507.0000 265.7299 2.5867 0 0
506.0000 265.6126 2.5691 0 0
505.0000 265.4853 2.5485 0 0
504.0000 265.4238 2.4498 0 0
503.0000 265.2745 2.3498 0 0
502.0000 265.0960 2.2679 0 0
501.0000 265.0184 2.2062 0 0
500.0000 264.9319 2.1209 0 0
499.0000 264.8026 1.9998 0 0
498.0000 264.8121 1.8600 0 0
497.0000 264.6207 1.6614 0 0
496.0000 264.5152 1.4489 0 0
495.0000 264.4955 1.2617 0 0
494.0000 264.5557 1.1110 0 0
493.0000 264.5134 1.0197 0 0
492.0000 264.4708 0.9606 0 0
491.0000 264.3681 0.8807 0 0
490.0000 264.2666 0.8170 0 0
489.0000 264.2745 0.7488 0 0
488.0000 264.1035 0.6355 0 0
487.0000 263.9731 0.5196 0 0
486.0000 263.8234 0.4219 0 0
485.0000 263.7725 0.3399 0 0
484.0000 263.7570 0.2706 0 0
483.0000 263.6734 0.2310 0 0
482.0000 263.5547 0.1923 0 0
481.0000 263.3892 0.1630 0 0
480.0000 263.3446 0.1032 0 0
479.0000 263.3129 0.0000 0 0
478.0000 263.3659 0.0000 0 0
477.0000 263.3333 0.0000 0 0
476.0000 263.3497 0.0000 0 0
475.0000 263.4582 0.0000 0 0
474.0000 263.4666 0.0000 0 0
473.0000 263.4716 0.0000 0 0
472.0000 263.6694 0.0000 0 0
471.0000 263.6546 0.0000 0 0
470.0000 263.6610 0.0000 0 0
469.0000 263.5946 0.0000 0 0
468.0000 263.5354 0.0000 0 0
467.0000 263.4762 0.0000 0 0
466.0000 263.4171 0.0000 0 0
465.0000 263.3579 0.0000 0 0
464.0000 263.2988 0.0000 0 0
463.0000 263.2396 0.0000 0 0
462.0000 263.1804 0.0000 0 0
461.0000 263.1213 0.0000 0 0
460.0000 263.0621 0.0000 0 0
459.0000 263.0030 0.0000 0 0
458.0000 262.9438 0.0000 0 0
457.0000 262.8847 0.0000 0 0
456.0000 262.8255 0.0000 0 0
455.0000 262.7663 0.0000 0 0
454.0000 262.7072 0.0000 0 0
453.0000 262.6480 0.0000 0 0
452.0000 262.5889 0.0000 0 0
451.0000 262.5297 0.0000 0 0
450.0000 262.4705 0.0000 0 0
449.0000 262.4114 0.0000 0 0
448.0000 262.3522 0.0000 0 0
447.0000 262.2931 0.0000 0 0
446.0000 262.2339 0.0000 0 0
445.0000 262.1747 0.0000 0 0
444.0000 262.1156 0.0000 0 0
443.0000 262.0564 0.0000 0 0
442.0000 261.9973 0.0000 0 0
441.0000 261.9381 0.0000 0 0
440.0000 261.8790 0.0000 0 0
439.0000 261.8198 0.0000 0 0
438.0000 261.7606 0.0000 0 0
437.0000 261.7015 0.0000 0 0
436.0000 261.6423 0.0000 0 0
435.0000 261.5832 0.0000 0 0
434.0000 261.5240 0.0000 0 0
433.0000 261.4648 0.0000 0 0
432.0000 261.4057 0.0000 0 0
431.0000 261.3755 0.0000 0 0
430.0000 261.2602 0.0000 0 0
429.0000 261.1450 0.0000 0 0
428.0000 261.0298 0.0000 0 0
427.0000 260.9146 0.0000 0 0
426.0000 260.7994 0.0000 0 0
425.0000 260.6841 0.0000 0 0
424.0000 260.5689 0.0000 0 0
423.0000 260.4537 0.0000 0 0
422.0000 260.3385 0.0000 0 0
421.0000 260.2233 0.0000 0 0
420.0000 260.1081 0.0000 0 0
419.0000 259.9928 0.0000 0 0
418.0000 259.8776 0.0000 0 0
417.0000 259.7624 0.0000 0 0
416.0000 259.6472 0.0000 0 0
415.0000 259.5320 0.0000 0 0
414.0000 259.4167 0.0000 0 0
413.0000 259.3015 0.0000 0 0
412.0000 259.1863 0.0000 0 0
411.0000 259.0711 0.0000 0 0
410.0000 258.9559 0.0000 0 0
409.0000 258.8407 0.0000 0 0
408.0000 258.7254 0.0000 0 0
407.0000 258.6102 0.0000 0 0
406.0000 258.4950 0.0000 0 0
405.0000 258.3798 0.0000 0 0
404.0000 258.2646 0.0000 0 0
403.0000 258.1493 0.0000 0 0
402.0000 258.0341 0.0000 0 0
401.0000 257.9189 0.0000 0 0
400.0000 257.8037 0.0000 0 0
399.0000 257.6885 0.0000 0 0
398.0000 257.5733 0.0000 0 0
397.0000 257.4580 0.0000 0 0
396.0000 257.3428 0.0000 0 0
395.0000 257.2276 0.0000 0 0
394.0000 257.1124 0.0000 0 0
393.0000 256.9972 0.0000 0 0
392.0000 256.8819 0.0000 0 0
391.0000 256.7667 0.0000 0 0
390.0000 256.6515 0.0000 0 0
389.0000 256.5363 0.0000 0 0
388.0000 256.4211 0.0000 0 0
387.0000 256.3059 0.0000 0 0
386.0000 256.1906 0.0000 0 0
385.0000 256.0754 0.0000 0 0
384.0000 255.9602 0.0000 0 0
383.0000 255.8450 0.0000 0 0
382.0000 255.7298 0.0000 0 0
