P[hPa] T[K] Qv[g/kg] U[m/s] V[m/s]
1005.6842 294.9900 15.7359 0 0
1005.0000 294.9930 15.7495 0 0
1004.0000 295.0100 15.7814 0 0
1003.0000 295.0200 15.8066 0 0
1002.0000 295.0292 15.8312 0 0
1001.0000 295.0997 15.9148 0 0
1000.0000 295.2286 16.0552 0 0
999.0000 295.3838 16.2225 0 0
998.0000 295.5229 16.3754 0 0
997.0000 295.6320 16.5000 0 0
996.0000 295.7197 16.6040 0 0
995.0000 295.7971 16.6983 0 0
994.0000 295.8725 16.7910 0 0
993.0000 295.9400 16.8763 0 0
992.0000 295.9958 16.9500 0 0
991.0000 296.0400 17.0123 0 0
990.0000 296.0700 17.0601 0 0
989.0000 296.1200 17.1287 0 0
988.0000 296.1433 17.1700 0 0
987.0000 296.1622 17.2069 0 0
986.0000 296.1700 17.2324 0 0
985.0000 296.1602 17.2398 0 0
984.0000 296.1775 17.2752 0 0
983.0000 296.1500 17.2643 0 0
982.0000 296.1433 17.2749 0 0
981.0000 296.1053 17.2531 0 0
980.0000 296.0770 17.2415 0 0
979.0000 296.0442 17.2251 0 0
978.0000 296.0212 17.2189 0 0
977.0000 295.9918 17.2061 0 0
976.0000 295.9390 17.1656 0 0
975.0000 295.9001 16.8218 0 0
974.0000 295.8581 16.3935 0 0
973.0000 295.8374 15.8492 0 0
972.0000 295.8000 15.3496 0 0
971.0000 295.7900 15.0549 0 0
970.0000 295.7800 14.9142 0 0
969.0000 295.7872 14.7147 0 0
968.0000 295.7820 14.5797 0 0
967.0000 295.7867 14.5954 0 0
966.0000 295.7900 14.6493 0 0
965.0000 295.7880 14.7093 0 0
964.0000 295.7813 14.6510 0 0
963.0000 295.7751 14.5987 0 0
962.0000 295.7783 14.3124 0 0
961.0000 295.7775 13.8675 0 0
960.0000 295.7721 13.5392 0 0
959.0000 295.7983 13.2718 0 0
958.0000 295.8037 13.1167 0 0
957.0000 295.8300 13.2817 0 0
956.0000 295.8500 13.4761 0 0
955.0000 295.8500 13.5460 0 0
954.0000 295.8500 13.4026 0 0
953.0000 295.8611 13.4041 0 0
952.0000 295.8593 13.5238 0 0
951.0000 295.8526 13.5326 0 0
950.0000 295.8412 13.9651 0 0
949.0000 295.8362 14.2497 0 0
948.0000 295.7958 13.9745 0 0
947.0000 295.7677 13.5724 0 0
946.0000 295.7412 13.3691 0 0
945.0000 295.7107 13.2917 0 0
944.0000 295.6910 13.2579 0 0
943.0000 295.6614 13.1954 0 0
942.0000 295.6399 13.1384 0 0
941.0000 295.6125 13.0871 0 0
940.0000 295.5938 13.0145 0 0
939.0000 295.5580 13.0008 0 0
938.0000 295.5400 12.8801 0 0
937.0000 295.4958 13.1194 0 0
936.0000 295.4700 13.1289 0 0
935.0000 295.4500 13.1095 0 0
934.0000 295.4300 13.2010 0 0
933.0000 295.4111 13.0509 0 0
932.0000 295.3924 12.9828 0 0
931.0000 295.3741 12.7564 0 0
930.0000 295.3547 12.3287 0 0
929.0000 295.3600 12.2223 0 0
928.0000 295.3500 12.1365 0 0
927.0000 295.3400 11.8084 0 0
926.0000 295.3500 11.4229 0 0
925.0000 295.3723 10.7870 0 0
924.0000 295.3900 10.0819 0 0
923.0000 295.4121 9.6008 0 0
922.0000 295.4500 9.4047 0 0
921.0000 295.4712 9.3003 0 0
920.0000 295.5000 9.2954 0 0
919.0000 295.5314 9.6087 0 0
918.0000 295.5500 10.5033 0 0
917.0000 295.5600 10.5509 0 0
916.0000 295.5800 10.6963 0 0
915.0000 295.5900 10.8766 0 0
914.0000 295.6000 10.9579 0 0
913.0000 295.6109 10.9754 0 0
912.0000 295.6114 10.9379 0 0
911.0000 295.5913 10.8825 0 0
910.0000 295.5938 10.8756 0 0
909.0000 295.5669 10.8221 0 0
908.0000 295.5500 10.7988 0 0
907.0000 295.5300 10.7977 0 0
906.0000 295.4803 10.7953 0 0
905.0000 295.4594 10.8127 0 0
904.0000 295.4215 10.8500 0 0
903.0000 295.3697 10.8609 0 0
902.0000 295.3162 10.9221 0 0
901.0000 295.2723 10.9974 0 0
900.0000 295.2098 11.0433 0 0
899.0000 295.1642 11.1951 0 0
898.0000 295.0970 11.4690 0 0
897.0000 295.0481 11.5611 0 0
896.0000 294.9948 11.5099 0 0
895.0000 294.9533 11.3952 0 0
894.0000 294.8951 11.3171 0 0
893.0000 294.8461 11.2403 0 0
892.0000 294.8100 11.0808 0 0
891.0000 294.7571 10.9227 0 0
890.0000 294.7093 10.8374 0 0
889.0000 294.6598 10.8354 0 0
888.0000 294.5920 10.7200 0 0
887.0000 294.5608 10.5892 0 0
886.0000 294.4968 10.4614 0 0
885.0000 294.4457 10.4057 0 0
884.0000 294.3908 10.3330 0 0
883.0000 294.3305 10.2803 0 0
882.0000 294.2610 10.1988 0 0
881.0000 294.2060 10.1200 0 0
880.0000 294.1400 10.0188 0 0
879.0000 294.0792 9.9660 0 0
878.0000 294.0212 9.9423 0 0
877.0000 293.9423 9.8739 0 0
876.0000 293.8841 9.7038 0 0
875.0000 293.8238 9.4241 0 0
874.0000 293.7741 9.0357 0 0
873.0000 293.7090 8.6453 0 0
872.0000 293.6666 8.1832 0 0
871.0000 293.6549 7.8389 0 0
870.0000 293.6198 7.6068 0 0
869.0000 293.6144 7.5880 0 0
868.0000 293.5843 7.6068 0 0
867.0000 293.5766 7.4594 0 0
866.0000 293.5700 7.3445 0 0
865.0000 293.5700 7.4500 0 0
864.0000 293.5700 7.5937 0 0
863.0000 293.5674 7.7242 0 0
862.0000 293.5556 7.9989 0 0
861.0000 293.5400 8.3880 0 0
860.0000 293.5361 8.5949 0 0
859.0000 293.5132 8.6679 0 0
858.0000 293.5000 8.7246 0 0
857.0000 293.4751 8.7700 0 0
856.0000 293.4438 8.8655 0 0
855.0000 293.4010 8.9198 0 0
854.0000 293.3786 8.9742 0 0
853.0000 293.3444 8.9447 0 0
852.0000 293.3007 8.7346 0 0
851.0000 293.2532 8.4989 0 0
850.0000 293.2314 8.3834 0 0
849.0000 293.1805 8.3490 0 0
848.0000 293.1373 8.3329 0 0
847.0000 293.0870 8.4348 0 0
846.0000 293.0500 8.5953 0 0
845.0000 293.0117 8.6833 0 0
844.0000 292.9614 8.5862 0 0
843.0000 292.9246 8.4576 0 0
842.0000 292.8590 8.2908 0 0
841.0000 292.8100 8.1703 0 0
840.0000 292.7525 8.0444 0 0
839.0000 292.6881 7.9177 0 0
838.0000 292.6450 7.8734 0 0
837.0000 292.6078 7.9402 0 0
836.0000 292.5483 7.8072 0 0
835.0000 292.5043 7.6500 0 0
834.0000 292.4655 7.5686 0 0
833.0000 292.4309 7.4150 0 0
832.0000 292.3889 7.1990 0 0
831.0000 292.3741 6.9939 0 0
830.0000 292.3406 6.8938 0 0
829.0000 292.3300 6.8437 0 0
828.0000 292.3042 6.8008 0 0
827.0000 292.2800 6.7793 0 0
826.0000 292.2400 6.7684 0 0
825.0000 292.2202 6.9630 0 0
824.0000 292.1900 7.3594 0 0
823.0000 292.1700 7.6359 0 0
822.0000 292.1304 7.7744 0 0
821.0000 292.0800 7.9110 0 0
820.0000 292.0305 8.0520 0 0
819.0000 291.9631 8.2632 0 0
818.0000 291.9074 8.3528 0 0
817.0000 291.8482 8.4365 0 0
816.0000 291.7877 8.5662 0 0
815.0000 291.7129 8.6469 0 0
814.0000 291.6350 8.6929 0 0
813.0000 291.6029 8.7236 0 0
812.0000 291.5600 8.7213 0 0
811.0000 291.4870 8.6857 0 0
810.0000 291.4200 8.4697 0 0
809.0000 291.3498 8.2328 0 0
808.0000 291.2940 8.1651 0 0
807.0000 291.2400 8.0764 0 0
806.0000 291.1700 8.0326 0 0
805.0000 291.1289 8.0221 0 0
804.0000 291.0576 7.9984 0 0
803.0000 290.9948 7.9679 0 0
802.0000 290.9227 7.9188 0 0
801.0000 290.8365 7.8710 0 0
800.0000 290.7533 7.8298 0 0
799.0000 290.6820 7.8044 0 0
798.0000 290.5879 7.7792 0 0
797.0000 290.5152 7.7537 0 0
796.0000 290.4154 7.7303 0 0
795.0000 290.3152 7.7067 0 0
794.0000 290.2260 7.6884 0 0
793.0000 290.1433 7.6732 0 0
792.0000 290.0277 7.6457 0 0
791.0000 289.9423 7.6323 0 0
790.0000 289.8499 7.6206 0 0
789.0000 289.7714 7.6074 0 0
788.0000 289.6666 7.5816 0 0
787.0000 289.5634 7.5304 0 0
786.0000 289.4756 7.4960 0 0
785.0000 289.4111 7.4859 0 0
784.0000 289.3233 7.4435 0 0
783.0000 289.2320 7.3962 0 0
782.0000 289.1289 7.3362 0 0
781.0000 289.0528 7.3005 0 0
780.0000 288.9803 7.2587 0 0
779.0000 288.9110 7.2296 0 0
778.0000 288.8300 7.1881 0 0
777.0000 288.7618 7.1488 0 0
776.0000 288.6815 7.1247 0 0
775.0000 288.6305 7.0492 0 0
774.0000 288.5911 7.0207 0 0
773.0000 288.5282 7.0019 0 0
772.0000 288.4500 6.9901 0 0
771.0000 288.3635 6.9733 0 0
770.0000 288.3091 6.9738 0 0
769.0000 288.2409 6.9793 0 0
768.0000 288.1772 6.9872 0 0
767.0000 288.1429 7.0042 0 0
766.0000 288.0864 7.0014 0 0
765.0000 288.0434 7.0181 0 0
764.0000 287.9923 7.1652 0 0
763.0000 287.9325 6.8781 0 0
762.0000 287.8776 6.7331 0 0
761.0000 287.7821 6.5987 0 0
760.0000 287.7684 6.3679 0 0
759.0000 287.7182 6.1711 0 0
758.0000 287.6473 5.9195 0 0
757.0000 287.5900 5.7869 0 0
756.0000 287.5500 5.6579 0 0
755.0000 287.5148 5.4799 0 0
754.0000 287.4814 5.3281 0 0
753.0000 287.4530 5.1057 0 0
752.0000 287.3923 4.9393 0 0
751.0000 287.3250 4.8441 0 0
750.0000 287.2715 4.8210 0 0
749.0000 287.2200 4.7424 0 0
748.0000 287.1281 4.5266 0 0
747.0000 287.0429 4.4027 0 0
746.0000 286.9769 4.2587 0 0
745.0000 286.9108 4.1735 0 0
744.0000 286.8772 3.9483 0 0
743.0000 286.8686 3.8147 0 0
742.0000 286.8400 3.7084 0 0
741.0000 286.8236 3.6107 0 0
740.0000 286.8319 3.5198 0 0
739.0000 286.8354 3.4559 0 0
738.0000 286.8197 3.4033 0 0
737.0000 286.7644 3.4167 0 0
736.0000 286.7710 3.3210 0 0
735.0000 286.7136 3.3350 0 0
734.0000 286.6803 3.4311 0 0
733.0000 286.6425 3.3811 0 0
732.0000 286.5749 3.3735 0 0
731.0000 286.4845 3.4124 0 0
730.0000 286.4169 3.5312 0 0
729.0000 286.3440 3.7393 0 0
728.0000 286.2400 3.7432 0 0
727.0000 286.1543 3.8988 0 0
726.0000 286.0903 3.4801 0 0
725.0000 286.0564 2.7136 0 0
724.0000 286.0122 2.4065 0 0
723.0000 286.0537 2.2972 0 0
722.0000 285.9928 2.0673 0 0
721.0000 285.9521 1.9521 0 0
720.0000 285.8700 1.8088 0 0
719.0000 285.8016 1.6311 0 0
718.0000 285.7768 1.5385 0 0
717.0000 285.7573 1.4637 0 0
716.0000 285.6994 1.4090 0 0
715.0000 285.6862 1.3099 0 0
714.0000 285.6379 1.2417 0 0
713.0000 285.6096 1.1548 0 0
712.0000 285.5500 1.1059 0 0
711.0000 285.5297 1.0468 0 0
710.0000 285.5016 0.9903 0 0
709.0000 285.5013 0.9343 0 0
708.0000 285.4858 0.8910 0 0
707.0000 285.4446 0.8853 0 0
706.0000 285.3663 0.8597 0 0
705.0000 285.3582 0.8560 0 0
704.0000 285.3095 0.8344 0 0
703.0000 285.2462 0.8322 0 0
702.0000 285.1613 0.8288 0 0
701.0000 285.0645 0.8248 0 0
700.0000 284.9632 0.8179 0 0
699.0000 284.8900 0.8085 0 0
698.0000 284.7867 0.7936 0 0
697.0000 284.7132 0.7684 0 0
696.0000 284.6257 0.7599 0 0
695.0000 284.5297 0.7560 0 0
694.0000 284.4504 0.7341 0 0
693.0000 284.3514 0.7263 0 0
692.0000 284.2637 0.7232 0 0
691.0000 284.1979 0.7095 0 0
690.0000 284.1073 0.6948 0 0
689.0000 284.0217 0.6919 0 0
688.0000 283.9378 0.6777 0 0
687.0000 283.8715 0.6775 0 0
686.0000 283.7843 0.6826 0 0
685.0000 283.6968 0.6963 0 0
684.0000 283.6131 0.7012 0 0
683.0000 283.5352 0.7212 0 0
682.0000 283.4989 0.7431 0 0
681.0000 283.4236 0.7538 0 0
680.0000 283.3710 0.7716 0 0
679.0000 283.3506 0.7840 0 0
678.0000 283.2874 0.8042 0 0
677.0000 283.2641 0.8753 0 0
676.0000 283.2900 0.8429 0 0
675.0000 283.2900 0.8382 0 0
674.0000 283.2894 0.8542 0 0
673.0000 283.2768 0.9079 0 0
672.0000 283.2833 0.9013 0 0
671.0000 283.2503 0.9344 0 0
670.0000 283.2663 1.0692 0 0
669.0000 283.1941 0.9945 0 0
668.0000 283.1370 1.0664 0 0
667.0000 282.9692 1.1085 0 0
666.0000 282.8745 1.2249 0 0
665.0000 282.7934 1.3697 0 0
664.0000 282.7500 1.3322 0 0
663.0000 282.6451 1.4070 0 0
662.0000 282.5400 1.6413 0 0
661.0000 282.4819 1.6299 0 0
660.0000 282.4116 1.9567 0 0
659.0000 282.2895 1.6992 0 0
658.0000 282.1858 1.6039 0 0
657.0000 282.1852 1.5584 0 0
656.0000 282.1571 1.5186 0 0
655.0000 282.1237 1.4779 0 0
654.0000 281.9971 1.4444 0 0
653.0000 281.8589 1.3809 0 0
652.0000 281.8387 1.2450 0 0
651.0000 281.8334 1.0851 0 0
650.0000 281.7849 0.9629 0 0
649.0000 281.6792 0.8938 0 0
648.0000 281.5123 0.9224 0 0
647.0000 281.3428 0.8544 0 0
646.0000 281.1768 0.8715 0 0
645.0000 281.0661 0.9163 0 0
644.0000 281.0221 0.9415 0 0
643.0000 281.0058 1.0069 0 0
642.0000 280.9887 0.9760 0 0
641.0000 280.9893 1.0041 0 0
640.0000 280.9160 1.0014 0 0
639.0000 280.8412 1.0548 0 0
638.0000 280.6924 1.0684 0 0
637.0000 280.5672 1.0799 0 0
636.0000 280.5106 1.0898 0 0
635.0000 280.4338 1.2447 0 0
634.0000 280.3906 1.5264 0 0
633.0000 280.4203 1.9197 0 0
632.0000 280.3886 2.2624 0 0
631.0000 280.3907 2.6381 0 0
630.0000 280.3201 2.8009 0 0
629.0000 280.2401 3.1821 0 0
628.0000 280.0929 3.4420 0 0
627.0000 280.0547 3.5684 0 0
626.0000 279.8986 3.6849 0 0
625.0000 279.7561 3.8086 0 0
624.0000 279.6019 4.0238 0 0
623.0000 279.5163 4.4645 0 0
622.0000 279.4620 4.8643 0 0
621.0000 279.4100 5.1504 0 0
620.0000 279.3119 5.1346 0 0
619.0000 279.1707 5.1829 0 0
618.0000 278.9905 5.1911 0 0
617.0000 278.8015 5.2321 0 0
616.0000 278.6617 5.2416 0 0
615.0000 278.5716 5.2658 0 0
614.0000 278.4376 5.2639 0 0
613.0000 278.2582 5.2542 0 0
612.0000 278.1216 5.2680 0 0
611.0000 277.8891 5.2360 0 0
610.0000 277.7110 5.2280 0 0
609.0000 277.5441 5.2423 0 0
608.0000 277.4010 5.2546 0 0
607.0000 277.2483 5.2628 0 0
606.0000 277.0939 5.2603 0 0
605.0000 276.9553 5.2489 0 0
604.0000 276.7910 5.2571 0 0
603.0000 276.6225 5.2477 0 0
602.0000 276.4622 5.2405 0 0
601.0000 276.2955 5.2262 0 0
600.0000 276.1455 5.1964 0 0
599.0000 275.9778 5.1798 0 0
598.0000 275.8732 5.1859 0 0
597.0000 275.7400 5.1738 0 0
596.0000 275.6739 5.1725 0 0
595.0000 275.6672 5.2294 0 0
594.0000 275.5367 5.1409 0 0
593.0000 275.4596 5.0995 0 0
592.0000 275.4321 5.0984 0 0
591.0000 275.3245 5.0989 0 0
590.0000 275.3388 5.1084 0 0
589.0000 275.3593 5.1029 0 0
588.0000 275.4104 5.1316 0 0
587.0000 275.3876 5.1513 0 0
586.0000 275.4238 5.0716 0 0
585.0000 275.4566 5.0678 0 0
584.0000 275.3772 5.0242 0 0
583.0000 275.1562 4.9578 0 0
582.0000 275.0260 4.8763 0 0
581.0000 274.9000 4.8456 0 0
580.0000 274.8124 4.8519 0 0
579.0000 274.6693 4.8426 0 0
578.0000 274.5800 4.8191 0 0
577.0000 274.4947 4.8014 0 0
576.0000 274.3365 4.7809 0 0
575.0000 274.2200 4.7777 0 0
574.0000 274.1232 4.7986 0 0
573.0000 273.9786 4.8016 0 0
572.0000 273.8227 4.7021 0 0
571.0000 273.6100 4.6474 0 0
570.0000 273.4500 4.6171 0 0
569.0000 273.3082 4.5995 0 0
568.0000 273.0955 4.5429 0 0
567.0000 272.9100 4.4947 0 0
566.0000 272.7329 4.4725 0 0
565.0000 272.5995 4.4005 0 0
564.0000 272.5245 4.3700 0 0
563.0000 272.3595 4.3046 0 0
562.0000 272.2797 4.2653 0 0
561.0000 272.1785 4.2355 0 0
560.0000 272.1453 4.2304 0 0
559.0000 272.1949 4.2391 0 0
558.0000 272.2115 4.2490 0 0
557.0000 272.2726 4.2767 0 0
556.0000 272.2388 4.2695 0 0
555.0000 272.1200 4.2496 0 0
554.0000 271.9803 4.2275 0 0
553.0000 272.0067 4.3031 0 0
552.0000 272.0300 4.2838 0 0
551.0000 272.0596 4.3060 0 0
550.0000 272.0458 4.3336 0 0
549.0000 271.9100 4.3186 0 0
548.0000 271.7159 4.3042 0 0
547.0000 271.5489 4.3320 0 0
546.0000 271.4392 4.3692 0 0
545.0000 271.3855 4.4245 0 0
544.0000 271.3939 4.4587 0 0
543.0000 271.4187 4.4928 0 0
542.0000 271.5567 4.5669 0 0
541.0000 271.6096 4.5692 0 0
540.0000 271.5499 4.5726 0 0
539.0000 271.4546 4.3930 0 0
538.0000 271.3116 4.3350 0 0
537.0000 271.1992 4.3048 0 0
536.0000 271.0698 4.2726 0 0
535.0000 270.9687 4.2617 0 0
534.0000 270.8852 4.2530 0 0
533.0000 270.7874 4.2436 0 0
532.0000 270.7035 4.2109 0 0
531.0000 270.5767 4.1997 0 0
530.0000 270.4475 4.1722 0 0
529.0000 270.3156 4.1415 0 0
528.0000 270.1259 4.1031 0 0
527.0000 269.9483 4.0935 0 0
526.0000 269.8086 4.0789 0 0
525.0000 269.6267 4.0376 0 0
524.0000 269.4791 4.0162 0 0
523.0000 269.3796 4.0480 0 0
522.0000 269.2334 4.0168 0 0
521.0000 269.0718 3.9650 0 0
520.0000 268.9887 3.9294 0 0
519.0000 268.8768 3.9052 0 0
518.0000 268.7332 3.8740 0 0
517.0000 268.7571 3.9047 0 0
516.0000 268.6301 3.9407 0 0
515.0000 268.5103 3.9463 0 0
514.0000 268.4329 3.9391 0 0
513.0000 268.3255 3.8963 0 0
512.0000 268.2308 3.8620 0 0
511.0000 268.1087 3.8248 0 0
510.0000 268.0000 3.8074 0 0
509.0000 267.9018 3.7992 0 0
508.0000 267.8011 3.8145 0 0
507.0000 267.7400 3.8433 0 0
506.0000 267.6376 3.8414 0 0
505.0000 267.5213 3.8147 0 0
504.0000 267.4300 3.6985 0 0
503.0000 267.2620 3.5805 0 0
502.0000 267.1733 3.4840 0 0
501.0000 267.1177 3.3970 0 0
500.0000 267.0232 3.3104 0 0
499.0000 266.8955 3.1524 0 0
498.0000 266.8257 2.9871 0 0
497.0000 266.7163 2.7367 0 0
496.0000 266.7573 2.4512 0 0
495.0000 266.7200 2.2146 0 0
494.0000 266.7111 2.0207 0 0
493.0000 266.7300 1.9091 0 0
492.0000 266.7708 1.8258 0 0
491.0000 266.6729 1.7314 0 0
490.0000 266.5900 1.6516 0 0
489.0000 266.5575 1.5764 0 0
488.0000 266.4415 1.4303 0 0
487.0000 266.3219 1.2741 0 0
486.0000 266.2577 1.1445 0 0
485.0000 266.1800 1.0487 0 0
484.0000 266.1312 0.9695 0 0
483.0000 266.1152 0.9168 0 0
482.0000 266.0007 0.8694 0 0
481.0000 265.8997 0.8347 0 0
480.0000 265.8143 0.7554 0 0
479.0000 265.8136 0.5926 0 0
478.0000 265.8791 0.4515 0 0
477.0000 265.9181 0.3444 0 0
476.0000 265.9700 0.2601 0 0
475.0000 266.0661 0.2168 0 0
474.0000 266.1477 0.1554 0 0
473.0000 266.2058 0.1040 0 0
472.0000 266.3447 0.0753 0 0
471.0000 266.4000 0.0399 0 0
470.0000 266.4173 0.0175 0 0
469.0000 266.3944 0.0053 0 0
468.0000 266.3372 0.0068 0 0
467.0000 266.2801 0.0084 0 0
466.0000 266.2229 0.0099 0 0
465.0000 266.1657 0.0114 0 0
464.0000 266.1086 0.0129 0 0
463.0000 266.0514 0.0145 0 0
462.0000 265.9942 0.0160 0 0
461.0000 265.9371 0.0175 0 0
460.0000 265.8799 0.0191 0 0
459.0000 265.8227 0.0206 0 0
458.0000 265.7656 0.0221 0 0
457.0000 265.7084 0.0236 0 0
456.0000 265.6512 0.0252 0 0
455.0000 265.5941 0.0267 0 0
454.0000 265.5369 0.0282 0 0
453.0000 265.4797 0.0298 0 0
452.0000 265.4226 0.0313 0 0
451.0000 265.3654 0.0328 0 0
450.0000 265.3082 0.0344 0 0
449.0000 265.2511 0.0359 0 0
448.0000 265.1939 0.0374 0 0
447.0000 265.1367 0.0389 0 0
446.0000 265.0795 0.0405 0 0
445.0000 265.0224 0.0420 0 0
444.0000 264.9652 0.0435 0 0
443.0000 264.9080 0.0451 0 0
442.0000 264.8509 0.0466 0 0
441.0000 264.7937 0.0481 0 0
440.0000 264.7365 0.0496 0 0
439.0000 264.6794 0.0512 0 0
438.0000 264.6222 0.0527 0 0
437.0000 264.5650 0.0542 0 0
436.0000 264.5079 0.0558 0 0
435.0000 264.4507 0.0573 0 0
434.0000 264.3935 0.0588 0 0
433.0000 264.3364 0.0604 0 0
432.0000 264.2792 0.0619 0 0
431.0000 264.2328 0.0292 0 0
430.0000 264.1232 0.0295 0 0
429.0000 264.0137 0.0299 0 0
428.0000 263.9042 0.0303 0 0
427.0000 263.7947 0.0306 0 0
426.0000 263.6852 0.0310 0 0
425.0000 263.5757 0.0314 0 0
424.0000 263.4661 0.0317 0 0
423.0000 263.3566 0.0321 0 0
422.0000 263.2471 0.0324 0 0
421.0000 263.1376 0.0328 0 0
420.0000 263.0281 0.0332 0 0
419.0000 262.9185 0.0335 0 0
418.0000 262.8090 0.0339 0 0
417.0000 262.6995 0.0343 0 0
416.0000 262.5900 0.0346 0 0
415.0000 262.4805 0.0350 0 0
414.0000 262.3710 0.0353 0 0
413.0000 262.2614 0.0357 0 0
412.0000 262.1519 0.0361 0 0
411.0000 262.0424 0.0364 0 0
410.0000 261.9329 0.0368 0 0
409.0000 261.8234 0.0372 0 0
408.0000 261.7138 0.0375 0 0
407.0000 261.6043 0.0379 0 0
406.0000 261.4948 0.0382 0 0
405.0000 261.3853 0.0386 0 0
404.0000 261.2758 0.0390 0 0
403.0000 261.1662 0.0393 0 0
402.0000 261.0567 0.0397 0 0
401.0000 260.9472 0.0401 0 0
400.0000 260.8377 0.0404 0 0
399.0000 260.7282 0.0408 0 0
398.0000 260.6187 0.0411 0 0
397.0000 260.5091 0.0415 0 0
396.0000 260.3996 0.0419 0 0
395.0000 260.2901 0.0422 0 0
394.0000 260.1806 0.0426 0 0
393.0000 260.0711 0.0430 0 0
392.0000 259.9615 0.0433 0 0
391.0000 259.8520 0.0437 0 0
390.0000 259.7425 0.0440 0 0
389.0000 259.6330 0.0444 0 0
388.0000 259.5235 0.0448 0 0
387.0000 259.4139 0.0451 0 0
386.0000 259.3044 0.0455 0 0
385.0000 259.1949 0.0459 0 0
384.0000 259.0854 0.0462 0 0
383.0000 258.9759 0.0466 0 0
382.0000 258.8664 0.0469 0 0
